22,9,82,9,82,24,22,24,text
92,9,157,9,157,20,92,20,text
167,9,301,9,301,30,167,30,text
311,9,451,9,451,32,311,32,text
461,9,489,9,489,23,461,23,text
499,9,531,9,531,24,499,24,text
541,9,637,9,637,36,541,36,text
647,9,726,9,726,24,647,24,text
736,9,863,9,863,29,736,29,text
7,46,96,46,96,73,7,73,text
106,46,138,46,138,63,106,63,text
148,46,194,46,194,59,148,59,text
204,46,257,46,257,65,204,65,text
267,46,338,46,338,70,267,70,text
348,46,485,46,485,70,348,70,text
495,46,569,46,569,71,495,71,text
579,46,649,46,649,63,579,63,text
659,46,749,46,749,60,659,60,text
759,46,814,46,814,69,759,69,text
824,46,947,46,947,67,824,67,text
20,83,96,83,96,97,20,97,text
106,83,228,83,228,108,106,108,text
238,83,337,83,337,101,238,101,text
347,83,387,83,387,107,347,107,text
397,83,524,83,524,107,397,107,text
534,83,587,83,587,95,534,95,text
597,83,683,83,683,102,597,102,text
693,83,749,83,749,96,693,96,text
759,83,857,83,857,102,759,102,text
867,83,928,83,928,93,867,93,text
10,118,164,118,164,149,10,149,text
174,118,294,118,294,142,174,142,text
304,118,387,118,387,139,304,139,text
397,118,483,118,483,136,397,136,text
493,118,609,118,609,142,493,142,text
619,118,699,118,699,132,619,132,text
709,118,775,118,775,135,709,135,text
785,118,881,118,881,136,785,136,text
12,159,85,159,85,174,12,174,text
95,159,189,159,189,179,95,179,text
199,159,256,159,256,183,199,183,text
266,159,350,159,350,178,266,178,text
360,159,405,159,405,180,360,180,text
415,159,472,159,472,170,415,170,text
482,159,580,159,580,187,482,187,text
590,159,733,159,733,181,590,181,text
743,159,839,159,839,177,743,177,text
849,159,897,159,897,169,849,169,text
13,197,133,197,133,220,13,220,text
143,197,216,197,216,211,143,211,text
226,197,368,197,368,223,226,223,text
378,197,504,197,504,218,378,218,text
514,197,570,197,570,207,514,207,text
580,197,684,197,684,218,580,218,text
694,197,762,197,762,215,694,215,text
772,197,853,197,853,216,772,216,text
863,197,930,197,930,213,863,213,text
940,197,973,197,973,213,940,213,text
23,233,90,233,90,243,23,243,text
100,233,166,233,166,246,100,246,text
176,233,322,233,322,260,176,260,text
332,233,379,233,379,248,332,248,text
389,233,502,233,502,253,389,253,text
512,233,573,233,573,248,512,248,text
583,233,686,233,686,249,583,249,text
696,233,755,233,755,245,696,245,text
765,233,880,233,880,258,765,258,text
18,273,111,273,111,297,18,297,text
121,273,199,273,199,287,121,287,text
209,273,285,273,285,289,209,289,text
295,273,377,273,377,292,295,292,text
387,273,483,273,483,292,387,292,text
493,273,546,273,546,295,493,295,text
556,273,711,273,711,297,556,297,text
721,273,786,273,786,286,721,286,text
796,273,962,273,962,301,796,301,text
5,311,58,311,58,336,5,336,text
68,311,181,311,181,331,68,331,text
191,311,293,311,293,331,191,331,text
303,311,357,311,357,325,303,325,text
367,311,453,311,453,331,367,331,text
463,311,523,311,523,324,463,324,text
533,311,606,311,606,330,533,330,text
616,311,725,311,725,332,616,332,text
735,311,859,311,859,332,735,332,text
869,311,947,311,947,335,869,335,text
23,346,117,346,117,365,23,365,text
127,346,203,346,203,359,127,359,text
213,346,348,346,348,371,213,371,text
358,346,462,346,462,365,358,365,text
472,346,513,346,513,357,472,357,text
523,346,565,346,565,370,523,370,text
575,346,640,346,640,361,575,361,text
650,346,723,346,723,360,650,360,text
733,346,871,346,871,370,733,370,text
881,346,968,346,968,363,881,363,text
18,381,122,381,122,402,18,402,text
132,381,191,381,191,395,132,395,text
201,381,275,381,275,397,201,397,text
285,381,403,381,403,402,285,402,text
413,381,473,381,473,404,413,404,text
483,381,599,381,599,403,483,403,text
609,381,705,381,705,399,609,399,text
715,381,808,381,808,398,715,398,text
818,381,910,381,910,397,818,397,text
19,414,127,414,127,436,19,436,text
137,414,256,414,256,436,137,436,text
266,414,324,414,324,424,266,424,text
334,414,375,414,375,438,334,438,text
385,414,456,414,456,443,385,443,text
466,414,548,414,548,431,466,431,text
558,414,664,414,664,433,558,433,text
674,414,750,414,750,435,674,435,text
760,414,884,414,884,437,760,437,text
9,453,65,453,65,465,9,465,text
75,453,199,453,199,474,75,474,text
209,453,356,453,356,478,209,478,text
366,453,442,453,442,475,366,475,text
452,453,529,453,529,473,452,473,text
539,453,606,453,606,465,539,465,text
616,453,719,453,719,476,616,476,text
729,453,799,453,799,468,729,468,text
809,453,921,453,921,476,809,476,text
15,488,102,488,102,512,15,512,text
112,488,198,488,198,510,112,510,text
208,488,351,488,351,511,208,511,text
361,488,443,488,443,503,361,503,text
453,488,488,488,488,505,453,505,text
498,488,534,488,534,508,498,508,text
544,488,664,488,664,509,544,509,text
674,488,769,488,769,508,674,508,text
779,488,855,488,855,504,779,504,text
865,488,943,488,943,513,865,513,text
14,523,83,523,83,539,14,539,text
93,523,205,523,205,543,93,543,text
215,523,279,523,279,555,215,555,text
289,523,352,523,352,537,289,537,text
362,523,418,523,418,535,362,535,text
428,523,552,523,552,546,428,546,text
562,523,644,523,644,549,562,549,text
654,523,777,523,777,543,654,543,text
787,523,833,523,833,533,787,533,text
843,523,934,523,934,542,843,542,text
18,565,67,565,67,575,18,575,text
77,565,159,565,159,580,77,580,text
169,565,230,565,230,580,169,580,text
240,565,331,565,331,581,240,581,text
341,565,445,565,445,592,341,592,text
455,565,496,565,496,576,455,576,text
506,565,596,565,596,580,506,580,text
606,565,674,565,674,577,606,577,text
684,565,808,565,808,585,684,585,text
818,565,961,565,961,587,818,587,text
7,602,69,602,69,614,7,614,text
79,602,154,602,154,619,79,619,text
164,602,238,602,238,616,164,616,text
248,602,304,602,304,613,248,613,text
314,602,393,602,393,618,314,618,text
403,602,517,602,517,627,403,627,text
527,602,622,602,622,623,527,623,text
632,602,717,602,717,635,632,635,text
727,602,813,602,813,620,727,620,text
823,602,909,602,909,620,823,620,text
919,602,944,602,944,614,919,614,text
23,645,136,645,136,668,23,668,text
146,645,259,645,259,667,146,667,text
269,645,353,645,353,663,269,663,text
363,645,509,645,509,668,363,668,text
519,645,650,645,650,664,519,664,text
660,645,698,645,698,655,660,655,text
708,645,790,645,790,659,708,659,text
800,645,839,645,839,656,800,656,text
849,645,947,645,947,660,849,660,text
20,678,96,678,96,697,20,697,text
106,678,211,678,211,705,106,705,text
221,678,317,678,317,697,221,697,text
327,678,469,678,469,705,327,705,text
479,678,542,678,542,690,479,690,text
552,678,604,678,604,693,552,693,text
614,678,680,678,680,694,614,694,text
690,678,765,678,765,693,690,693,text
775,678,884,678,884,719,775,719,text
894,678,945,678,945,688,894,688,text
22,729,148,729,148,756,22,756,text
158,729,253,729,253,751,158,751,text
263,729,315,729,315,741,263,741,text
325,729,432,729,432,748,325,748,text
442,729,578,729,578,761,442,761,text
588,729,671,729,671,748,588,748,text
681,729,760,729,760,741,681,741,text
770,729,848,729,848,754,770,754,text
858,729,897,729,897,754,858,754,text
