5,10,85,10,85,27,5,27,text
95,10,142,10,142,23,95,23,text
152,10,225,10,225,28,152,28,text
235,10,341,10,341,39,235,39,text
351,10,398,10,398,22,351,22,text
408,10,517,10,517,39,408,39,text
527,10,623,10,623,29,527,29,text
633,10,695,10,695,23,633,23,text
705,10,802,10,802,32,705,32,text
812,10,896,10,896,24,812,24,text
9,49,75,49,75,77,9,77,text
85,49,208,49,208,78,85,78,text
218,49,273,49,273,70,218,70,text
283,49,368,49,368,65,283,65,text
378,49,428,49,428,67,378,67,text
438,49,554,49,554,72,438,72,text
564,49,658,49,658,68,564,68,text
668,49,796,49,796,75,668,75,text
806,49,870,49,870,68,806,68,text
21,88,103,88,103,104,21,104,text
113,88,207,88,207,107,113,107,text
217,88,275,88,275,98,217,98,text
285,88,368,88,368,105,285,105,text
378,88,500,88,500,111,378,111,text
510,88,661,88,661,120,510,120,text
671,88,788,88,788,109,671,109,text
798,88,866,88,866,112,798,112,text
876,88,925,88,925,115,876,115,text
21,130,88,130,88,145,21,145,text
98,130,191,130,191,151,98,151,text
201,130,268,130,268,143,201,143,text
278,130,330,130,330,143,278,143,text
340,130,392,130,392,140,340,140,text
402,130,496,130,496,154,402,154,text
506,130,592,130,592,143,506,143,text
602,130,664,130,664,142,602,142,text
674,130,742,130,742,142,674,142,text
752,130,793,130,793,147,752,147,text
803,130,857,130,857,149,803,149,text
9,167,135,167,135,185,9,185,text
145,167,221,167,221,183,145,183,text
231,167,297,167,297,185,231,185,text
307,167,458,167,458,196,307,196,text
468,167,582,167,582,189,468,189,text
592,167,690,167,690,185,592,185,text
700,167,766,167,766,189,700,189,text
776,167,837,167,837,189,776,189,text
847,167,941,167,941,187,847,187,text
22,206,121,206,121,225,22,225,text
131,206,201,206,201,220,131,220,text
211,206,351,206,351,232,211,232,text
361,206,454,206,454,227,361,227,text
464,206,547,206,547,224,464,224,text
557,206,693,206,693,231,557,231,text
703,206,815,206,815,228,703,228,text
825,206,947,206,947,230,825,230,text
22,242,133,242,133,265,22,265,text
143,242,278,242,278,266,143,266,text
288,242,390,242,390,267,288,267,text
400,242,457,242,457,256,400,256,text
467,242,582,242,582,257,467,257,text
592,242,696,242,696,269,592,269,text
706,242,761,242,761,258,706,258,text
771,242,851,242,851,260,771,260,text
861,242,965,242,965,264,861,264,text
8,279,70,279,70,292,8,292,text
80,279,205,279,205,297,80,297,text
215,279,379,279,379,306,215,306,text
389,279,518,279,518,304,389,304,text
528,279,583,279,583,308,528,308,text
593,279,664,279,664,296,593,296,text
674,279,751,279,751,295,674,295,text
761,279,875,279,875,300,761,300,text
885,279,972,279,972,301,885,301,text
16,318,98,318,98,335,16,335,text
108,318,184,318,184,332,108,332,text
194,318,341,318,341,343,194,343,text
351,318,399,318,399,339,351,339,text
409,318,487,318,487,331,409,331,text
497,318,581,318,581,336,497,336,text
591,318,741,318,741,343,591,343,text
751,318,842,318,842,333,751,333,text
852,318,904,318,904,336,852,336,text
11,353,86,353,86,370,11,370,text
96,353,120,353,120,364,96,364,text
130,353,258,353,258,374,130,374,text
268,353,402,353,402,375,268,375,text
412,353,470,353,470,365,412,365,text
480,353,613,353,613,383,480,383,text
623,353,726,353,726,372,623,372,text
736,353,814,353,814,366,736,366,text
824,353,891,353,891,368,824,368,text
901,353,951,353,951,366,901,366,text
10,393,146,393,146,420,10,420,text
156,393,202,393,202,407,156,407,text
212,393,328,393,328,415,212,415,text
338,393,392,393,392,408,338,408,text
402,393,467,393,467,413,402,413,text
477,393,523,393,523,414,477,414,text
533,393,621,393,621,410,533,410,text
631,393,763,393,763,419,631,419,text
773,393,885,393,885,411,773,411,text
895,393,975,393,975,412,895,412,text
19,430,107,430,107,444,19,444,text
117,430,147,430,147,441,117,441,text
157,430,211,430,211,441,157,441,text
221,430,279,430,279,442,221,442,text
289,430,412,430,412,457,289,457,text
422,430,495,430,495,453,422,453,text
505,430,590,430,590,445,505,445,text
600,430,669,430,669,453,600,453,text
679,430,796,430,796,449,679,449,text
806,430,888,430,888,447,806,447,text
898,430,958,430,958,448,898,448,text
14,467,85,467,85,496,14,496,text
95,467,228,467,228,499,95,499,text
238,467,303,467,303,482,238,482,text
313,467,372,467,372,479,313,479,text
382,467,518,467,518,495,382,495,text
528,467,644,467,644,487,528,487,text
654,467,759,467,759,493,654,493,text
769,467,871,467,871,487,769,487,text
881,467,913,467,913,483,881,483,text
13,509,87,509,87,524,13,524,text
97,509,134,509,134,524,97,524,text
144,509,266,509,266,533,144,533,text
276,509,362,509,362,526,276,526,text
372,509,504,509,504,537,372,537,text
514,509,608,509,608,529,514,529,text
618,509,644,509,644,521,618,521,text
654,509,742,509,742,525,654,525,text
752,509,847,509,847,524,752,524,text
21,547,111,547,111,568,21,568,text
121,547,188,547,188,576,121,576,text
198,547,281,547,281,565,198,565,text
291,547,361,547,361,570,291,570,text
371,547,536,547,536,570,371,570,text
546,547,674,547,674,572,546,572,text
684,547,746,547,746,558,684,558,text
756,547,883,547,883,568,756,568,text
11,586,52,586,52,606,11,606,text
62,586,163,586,163,602,62,602,text
173,586,287,586,287,611,173,611,text
297,586,349,586,349,599,297,599,text
359,586,485,586,485,611,359,611,text
495,586,586,586,586,611,495,611,text
596,586,663,586,663,603,596,603,text
673,586,753,586,753,602,673,602,text
763,586,832,586,832,606,763,606,text
842,586,900,586,900,596,842,596,text
23,623,56,623,56,649,23,649,text
66,623,120,623,120,643,66,643,text
130,623,187,623,187,634,130,634,text
197,623,343,623,343,652,197,652,text
353,623,437,623,437,640,353,640,text
447,623,563,623,563,642,447,642,text
573,623,761,623,761,651,573,651,text
771,623,834,623,834,636,771,636,text
844,623,923,623,923,640,844,640,text
14,662,47,662,47,678,14,678,text
57,662,166,662,166,683,57,683,text
176,662,204,662,204,673,176,673,text
214,662,307,662,307,682,214,682,text
317,662,381,662,381,677,317,677,text
391,662,439,662,439,678,391,678,text
449,662,522,662,522,689,449,689,text
532,662,549,662,549,675,532,675,text
559,662,612,662,612,674,559,674,text
622,662,658,662,658,672,622,672,text
668,662,762,662,762,680,668,680,text
772,662,870,662,870,685,772,685,text
880,662,939,662,939,678,880,678,text
9,699,147,699,147,725,9,725,text
157,699,226,699,226,715,157,715,text
236,699,289,699,289,716,236,716,text
299,699,419,699,419,730,299,730,text
429,699,514,699,514,720,429,720,text
524,699,592,699,592,711,524,711,text
602,699,733,699,733,719,602,719,text
743,699,872,699,872,727,743,727,text
882,699,966,699,966,716,882,716,text
