7,8,62,8,62,36,7,36,text
72,8,175,8,175,27,72,27,text
185,8,255,8,255,19,185,19,text
265,8,387,8,387,35,265,35,text
397,8,463,8,463,22,397,22,text
473,8,550,8,550,26,473,26,text
560,8,656,8,656,27,560,27,text
666,8,788,8,788,32,666,32,text
798,8,912,8,912,31,798,31,text
23,46,102,46,102,58,23,58,text
112,46,182,46,182,72,112,72,text
192,46,238,46,238,58,192,58,text
248,46,348,46,348,66,248,66,text
358,46,388,46,388,57,358,57,text
398,46,481,46,481,69,398,69,text
491,46,545,46,545,58,491,58,text
555,46,592,46,592,63,555,63,text
602,46,707,46,707,66,602,66,text
717,46,788,46,788,59,717,59,text
798,46,900,46,900,68,798,68,text
9,82,112,82,112,100,9,100,text
122,82,202,82,202,105,122,105,text
212,82,356,82,356,108,212,108,text
366,82,449,82,449,100,366,100,text
459,82,524,82,524,102,459,102,text
534,82,648,82,648,104,534,104,text
658,82,781,82,781,105,658,105,text
791,82,883,82,883,107,791,107,text
22,118,82,118,82,131,22,131,text
92,118,158,118,158,133,92,133,text
168,118,220,118,220,130,168,130,text
230,118,292,118,292,130,230,130,text
302,118,395,118,395,143,302,143,text
405,118,445,118,445,131,405,131,text
455,118,536,118,536,143,455,143,text
546,118,707,118,707,144,546,144,text
717,118,789,118,789,141,717,141,text
799,118,877,118,877,138,799,138,text
887,118,973,118,973,136,887,136,text
8,154,136,154,136,176,8,176,text
146,154,195,154,195,166,146,166,text
205,154,317,154,317,181,205,181,text
327,154,389,154,389,164,327,164,text
399,154,467,154,467,169,399,169,text
477,154,571,154,571,177,477,177,text
581,154,698,154,698,186,581,186,text
708,154,737,154,737,166,708,166,text
747,154,846,154,846,172,747,172,text
856,154,906,154,906,179,856,179,text
19,196,102,196,102,211,19,211,text
112,196,198,196,198,213,112,213,text
208,196,269,196,269,212,208,212,text
279,196,359,196,359,215,279,215,text
369,196,435,196,435,211,369,211,text
445,196,506,196,506,211,445,211,text
516,196,555,196,555,216,516,216,text
565,196,634,196,634,211,565,211,text
644,196,751,196,751,217,644,217,text
761,196,876,196,876,220,761,220,text
10,230,124,230,124,257,10,257,text
134,230,190,230,190,243,134,243,text
200,230,306,230,306,250,200,250,text
316,230,410,230,410,250,316,250,text
420,230,487,230,487,247,420,247,text
497,230,571,230,571,246,497,246,text
581,230,657,230,657,245,581,245,text
667,230,801,230,801,256,667,256,text
811,230,875,230,875,244,811,244,text
16,267,137,267,137,288,16,288,text
147,267,231,267,231,285,147,285,text
241,267,363,267,363,290,241,290,text
373,267,434,267,434,280,373,280,text
444,267,582,267,582,293,444,293,text
592,267,718,267,718,292,592,292,text
728,267,789,267,789,278,728,278,text
799,267,868,267,868,280,799,280,text
15,303,109,303,109,327,15,327,text
119,303,213,303,213,328,119,328,text
223,303,297,303,297,320,223,320,text
307,303,442,303,442,330,307,330,text
452,303,569,303,569,324,452,324,text
579,303,735,303,735,331,579,331,text
745,303,877,303,877,330,745,330,text
887,303,926,303,926,316,887,316,text
15,341,129,341,129,365,15,365,text
139,341,253,341,253,362,139,362,text
263,341,317,341,317,352,263,352,text
327,341,382,341,382,354,327,354,text
392,341,466,341,466,356,392,356,text
476,341,560,341,560,357,476,357,text
570,341,664,341,664,360,570,360,text
674,341,722,341,722,354,674,354,text
732,341,834,341,834,360,732,360,text
844,341,920,341,920,363,844,363,text
5,375,47,375,47,398,5,398,text
57,375,167,375,167,393,57,393,text
177,375,255,375,255,394,177,394,text
265,375,368,375,368,397,265,397,text
378,375,497,375,497,397,378,397,text
507,375,588,375,588,388,507,388,text
598,375,714,375,714,401,598,401,text
724,375,802,375,802,389,724,389,text
812,375,907,375,907,400,812,400,text
12,411,126,411,126,429,12,429,text
136,411,285,411,285,435,136,435,text
295,411,365,411,365,439,295,439,text
375,411,471,411,471,430,375,430,text
481,411,546,411,546,425,481,425,text
556,411,676,411,676,436,556,436,text
686,411,778,411,778,432,686,432,text
788,411,826,411,826,424,788,424,text
836,411,916,411,916,425,836,425,text
16,449,123,449,123,475,16,475,text
133,449,205,449,205,462,133,462,text
215,449,291,449,291,463,215,463,text
301,449,408,449,408,468,301,468,text
418,449,549,449,549,475,418,475,text
559,449,598,449,598,463,559,463,text
608,449,707,449,707,480,608,480,text
717,449,810,449,810,469,717,469,text
820,449,904,449,904,466,820,466,text
914,449,951,449,951,461,914,461,text
9,490,86,490,86,508,9,508,text
96,490,161,490,161,504,96,504,text
171,490,277,490,277,511,171,511,text
287,490,396,490,396,510,287,510,text
406,490,507,490,507,510,406,510,text
517,490,693,490,693,520,517,520,text
703,490,804,490,804,521,703,521,text
814,490,850,490,850,508,814,508,text
860,490,980,490,980,512,860,512,text
24,531,54,531,54,542,24,542,text
64,531,179,531,179,551,64,551,text
189,531,304,531,304,555,189,555,text
314,531,363,531,363,542,314,542,text
373,531,477,531,477,553,373,553,text
487,531,535,531,535,548,487,548,text
545,531,638,531,638,545,545,545,text
648,531,751,531,751,553,648,553,text
761,531,861,531,861,553,761,553,text
871,531,936,531,936,543,871,543,text
9,565,121,565,121,592,9,592,text
131,565,177,565,177,579,131,579,text
187,565,245,565,245,577,187,577,text
255,565,310,565,310,580,255,580,text
320,565,348,565,348,577,320,577,text
358,565,424,565,424,580,358,580,text
434,565,498,565,498,579,434,579,text
508,565,584,565,584,580,508,580,text
594,565,673,565,673,583,594,583,text
683,565,805,565,805,589,683,589,text
815,565,875,565,875,585,815,585,text
885,565,939,565,939,576,885,576,text
20,604,76,604,76,616,20,616,text
86,604,194,604,194,630,86,630,text
204,604,241,604,241,620,204,620,text
251,604,359,604,359,621,251,621,text
369,604,435,604,435,622,369,622,text
445,604,551,604,551,628,445,628,text
561,604,612,604,612,621,561,621,text
622,604,746,604,746,619,622,619,text
756,604,793,604,793,614,756,614,text
803,604,861,604,861,615,803,615,text
9,640,134,640,134,663,9,663,text
144,640,263,640,263,658,144,658,text
273,640,346,640,346,658,273,658,text
356,640,490,640,490,662,356,662,text
500,640,556,640,556,650,500,650,text
566,640,627,640,627,654,566,654,text
637,640,755,640,755,661,637,661,text
765,640,890,640,890,665,765,665,text
23,678,143,678,143,703,23,703,text
153,678,226,678,226,697,153,697,text
236,678,259,678,259,689,236,689,text
269,678,433,678,433,702,269,702,text
443,678,529,678,529,701,443,701,text
539,678,615,678,615,693,539,693,text
625,678,699,678,699,694,625,694,text
709,678,775,678,775,691,709,691,text
785,678,817,678,817,691,785,691,text
827,678,893,678,893,692,827,692,text
903,678,950,678,950,688,903,688,text
23,713,113,713,113,736,23,736,text
123,713,249,713,249,737,123,737,text
259,713,362,713,362,735,259,735,text
372,713,537,713,537,741,372,741,text
547,713,685,713,685,736,547,736,text
695,713,792,713,792,745,695,745,text
802,713,906,713,906,743,802,743,text
916,713,968,713,968,731,916,731,text
