8,17,132,17,132,41,8,41,text
142,17,217,17,217,42,142,42,text
227,17,323,17,323,36,227,36,text
333,17,385,17,385,39,333,39,text
395,17,490,17,490,36,395,36,text
500,17,622,17,622,41,500,41,text
632,17,726,17,726,43,632,43,text
736,17,825,17,825,32,736,32,text
835,17,891,17,891,27,835,27,text
901,17,969,17,969,29,901,29,text
24,53,96,53,96,68,24,68,text
106,53,248,53,248,79,106,79,text
258,53,352,53,352,76,258,76,text
362,53,428,53,428,68,362,68,text
438,53,552,53,552,75,438,75,text
562,53,692,53,692,75,562,75,text
702,53,774,53,774,66,702,66,text
784,53,851,53,851,69,784,69,text
861,53,937,53,937,70,861,70,text
6,89,62,89,62,100,6,100,text
72,89,134,89,134,114,72,114,text
144,89,195,89,195,109,144,109,text
205,89,337,89,337,116,205,116,text
347,89,460,89,460,112,347,112,text
470,89,519,89,519,100,470,100,text
529,89,595,89,595,107,529,107,text
605,89,653,89,653,104,605,104,text
663,89,719,89,719,101,663,101,text
729,89,817,89,817,110,729,110,text
827,89,874,89,874,104,827,104,text
884,89,980,89,980,107,884,107,text
12,126,96,126,96,143,12,143,text
106,126,252,126,252,151,106,151,text
262,126,338,126,338,150,262,150,text
348,126,437,126,437,141,348,141,text
447,126,523,126,523,140,447,140,text
533,126,717,126,717,151,533,151,text
727,126,806,126,806,150,727,150,text
816,126,922,126,922,144,816,144,text
18,161,151,161,151,183,18,183,text
161,161,203,161,203,172,161,172,text
213,161,322,161,322,180,213,180,text
332,161,378,161,378,173,332,173,text
388,161,508,161,508,181,388,181,text
518,161,577,161,577,174,518,174,text
587,161,664,161,664,184,587,184,text
674,161,768,161,768,181,674,181,text
778,161,817,161,817,174,778,174,text
827,161,917,161,917,189,827,189,text
927,161,969,161,969,175,927,175,text
23,199,116,199,116,215,23,215,text
126,199,177,199,177,215,126,215,text
187,199,296,199,296,218,187,218,text
306,199,448,199,448,226,306,226,text
458,199,585,199,585,220,458,220,text
595,199,672,199,672,225,595,225,text
682,199,726,199,726,223,682,223,text
736,199,820,199,820,217,736,217,text
830,199,885,199,885,211,830,211,text
10,236,127,236,127,256,10,256,text
137,236,231,236,231,258,137,258,text
241,236,312,236,312,250,241,250,text
322,236,413,236,413,253,322,253,text
423,236,509,236,509,252,423,252,text
519,236,639,236,639,262,519,262,text
649,236,765,236,765,257,649,257,text
775,236,902,236,902,264,775,264,text
9,274,121,274,121,294,9,294,text
131,274,236,274,236,297,131,297,text
246,274,350,274,350,295,246,295,text
360,274,438,274,438,289,360,289,text
448,274,574,274,574,298,448,298,text
584,274,644,274,644,286,584,286,text
654,274,750,274,750,292,654,292,text
760,274,840,274,840,290,760,290,text
850,274,912,274,912,291,850,291,text
21,308,77,308,77,329,21,329,text
87,308,203,308,203,330,87,330,text
213,308,292,308,292,325,213,325,text
302,308,416,308,416,330,302,330,text
426,308,533,308,533,326,426,326,text
543,308,665,308,665,330,543,330,text
675,308,733,308,733,320,675,320,text
743,308,845,308,845,330,743,330,text
855,308,937,308,937,327,855,327,text
16,341,120,341,120,361,16,361,text
130,341,178,341,178,362,130,362,text
188,341,221,341,221,351,188,351,text
231,341,333,341,333,359,231,359,text
343,341,399,341,399,352,343,352,text
409,341,523,341,523,364,409,364,text
533,341,591,341,591,357,533,357,text
601,341,662,341,662,359,601,359,text
672,341,779,341,779,358,672,358,text
789,341,857,341,857,354,789,354,text
867,341,946,341,946,366,867,366,text
15,376,206,376,206,399,15,399,text
216,376,303,376,303,391,216,391,text
313,376,371,376,371,389,313,389,text
381,376,468,376,468,391,381,391,text
478,376,526,376,526,402,478,402,text
536,376,577,376,577,386,536,386,text
587,376,634,376,634,388,587,388,text
644,376,709,376,709,388,644,388,text
719,376,764,376,764,395,719,395,text
774,376,849,376,849,401,774,401,text
859,376,971,376,971,401,859,401,text
5,412,110,412,110,436,5,436,text
120,412,173,412,173,428,120,428,text
183,412,269,412,269,436,183,436,text
279,412,344,412,344,435,279,435,text
354,412,416,412,416,444,354,444,text
426,412,519,412,519,431,426,431,text
529,412,593,412,593,426,529,426,text
603,412,655,412,655,429,603,429,text
665,412,731,412,731,426,665,426,text
741,412,786,412,786,434,741,434,text
796,412,860,412,860,422,796,422,text
870,412,970,412,970,434,870,434,text
19,454,141,454,141,472,19,472,text
151,454,186,454,186,467,151,467,text
196,454,310,454,310,479,196,479,text
320,454,432,454,432,477,320,477,text
442,454,563,454,563,478,442,478,text
573,454,699,454,699,478,573,478,text
709,454,791,454,791,471,709,471,text
801,454,896,454,896,470,801,470,text
906,454,963,454,963,467,906,467,text
23,489,97,489,97,511,23,511,text
107,489,164,489,164,502,107,502,text
174,489,223,489,223,504,174,504,text
233,489,290,489,290,502,233,502,text
300,489,358,489,358,502,300,502,text
368,489,445,489,445,502,368,502,text
455,489,555,489,555,511,455,511,text
565,489,649,489,649,506,565,506,text
659,489,725,489,725,505,659,505,text
735,489,836,489,836,513,735,513,text
846,489,948,489,948,514,846,514,text
14,524,94,524,94,550,14,550,text
104,524,221,524,221,547,104,547,text
231,524,338,524,338,549,231,549,text
348,524,454,524,454,543,348,543,text
464,524,536,524,536,547,464,547,text
546,524,634,524,634,543,546,543,text
644,524,716,524,716,539,644,539,text
726,524,822,524,822,542,726,542,text
832,524,916,524,916,542,832,542,text
11,560,77,560,77,574,11,574,text
87,560,238,560,238,588,87,588,text
248,560,321,560,321,576,248,576,text
331,560,472,560,472,590,331,590,text
482,560,520,560,520,573,482,573,text
530,560,606,560,606,574,530,574,text
616,560,714,560,714,579,616,579,text
724,560,843,560,843,585,724,585,text
853,560,939,560,939,581,853,581,text
9,600,149,600,149,627,9,627,text
159,600,263,600,263,621,159,621,text
273,600,349,600,349,620,273,620,text
359,600,439,600,439,621,359,621,text
449,600,553,600,553,622,449,622,text
563,600,664,600,664,621,563,621,text
674,600,756,600,756,621,674,621,text
766,600,878,600,878,623,766,623,text
888,600,946,600,946,613,888,613,text
7,637,59,637,59,655,7,655,text
69,637,168,637,168,662,69,662,text
178,637,252,637,252,650,178,650,text
262,637,318,637,318,650,262,650,text
328,637,412,637,412,658,328,658,text
422,637,478,637,478,651,422,651,text
488,637,554,637,554,649,488,649,text
564,637,623,637,623,653,564,653,text
633,637,686,637,686,647,633,647,text
696,637,752,637,752,658,696,658,text
762,637,869,637,869,656,762,656,text
879,637,974,637,974,657,879,657,text
