8,17,50,17,50,33,8,33,text
60,17,188,17,188,38,60,38,text
198,17,302,17,302,37,198,37,text
312,17,386,17,386,45,312,45,text
396,17,474,17,474,36,396,36,text
484,17,535,17,535,34,484,34,text
545,17,671,17,671,41,545,41,text
681,17,772,17,772,32,681,32,text
782,17,916,17,916,42,782,42,text
7,55,67,55,67,66,7,66,text
77,55,225,55,225,82,77,82,text
235,55,389,55,389,81,235,81,text
399,55,501,55,501,76,399,76,text
511,55,632,55,632,76,511,76,text
642,55,726,55,726,69,642,69,text
736,55,824,55,824,71,736,71,text
834,55,948,55,948,76,834,76,text
5,94,115,94,115,113,5,113,text
125,94,240,94,240,124,125,124,text
250,94,346,94,346,113,250,113,text
356,94,443,94,443,110,356,110,text
453,94,521,94,521,108,453,108,text
531,94,562,94,562,105,531,105,text
572,94,638,94,638,107,572,107,text
648,94,704,94,704,115,648,115,text
714,94,818,94,818,116,714,116,text
828,94,895,94,895,110,828,110,text
905,94,969,94,969,106,905,106,text
19,134,125,134,125,162,19,162,text
135,134,167,134,167,148,135,148,text
177,134,244,134,244,144,177,144,text
254,134,334,134,334,148,254,148,text
344,134,413,134,413,163,344,163,text
423,134,505,134,505,147,423,147,text
515,134,579,134,579,157,515,157,text
589,134,643,134,643,148,589,148,text
653,134,729,134,729,158,653,158,text
739,134,793,134,793,149,739,149,text
803,134,937,134,937,157,803,157,text
19,173,105,173,105,186,19,186,text
115,173,180,173,180,185,115,185,text
190,173,261,173,261,191,190,191,text
271,173,346,173,346,188,271,188,text
356,173,412,173,412,186,356,186,text
422,173,509,173,509,197,422,197,text
519,173,624,173,624,190,519,190,text
634,173,676,173,676,188,634,188,text
686,173,734,173,734,190,686,190,text
744,173,836,173,836,193,744,193,text
846,173,970,173,970,196,846,196,text
21,207,50,207,50,220,21,220,text
60,207,185,207,185,230,60,230,text
195,207,308,207,308,228,195,228,text
318,207,419,207,419,226,318,226,text
429,207,502,207,502,226,429,226,text
512,207,617,207,617,234,512,234,text
627,207,687,207,687,217,627,217,text
697,207,772,207,772,224,697,224,text
782,207,859,207,859,227,782,227,text
869,207,955,207,955,225,869,225,text
10,244,103,244,103,267,10,267,text
113,244,193,244,193,270,113,270,text
203,244,262,244,262,256,203,256,text
272,244,401,244,401,273,272,273,text
411,244,482,244,482,262,411,262,text
492,244,568,244,568,258,492,258,text
578,244,712,244,712,270,578,270,text
722,244,802,244,802,261,722,261,text
812,244,905,244,905,263,812,263,text
12,283,71,283,71,295,12,295,text
81,283,205,283,205,308,81,308,text
215,283,291,283,291,297,215,297,text
301,283,383,283,383,297,301,297,text
393,283,461,283,461,295,393,295,text
471,283,524,283,524,292,471,292,text
534,283,566,283,566,296,534,296,text
576,283,623,283,623,303,576,303,text
633,283,708,283,708,300,633,300,text
718,283,814,283,814,301,718,301,text
824,283,919,283,919,301,824,301,text
929,283,956,283,956,298,929,298,text
18,318,115,318,115,338,18,338,text
125,318,180,318,180,335,125,335,text
190,318,233,318,233,335,190,335,text
243,318,328,318,328,338,243,338,text
338,318,429,318,429,344,338,344,text
439,318,523,318,523,336,439,336,text
533,318,588,318,588,331,533,331,text
598,318,676,318,676,334,598,334,text
686,318,745,318,745,333,686,333,text
755,318,820,318,820,329,755,329,text
830,318,903,318,903,331,830,331,text
14,354,141,354,141,374,14,374,text
151,354,216,354,216,366,151,366,text
226,354,305,354,305,371,226,371,text
315,354,403,354,403,371,315,371,text
413,354,478,354,478,370,413,370,text
488,354,624,354,624,381,488,381,text
634,354,685,354,685,372,634,372,text
695,354,761,354,761,371,695,371,text
771,354,848,354,848,369,771,369,text
858,354,952,354,952,372,858,372,text
7,391,111,391,111,407,7,407,text
121,391,205,391,205,406,121,406,text
215,391,315,391,315,413,215,413,text
325,391,384,391,384,405,325,405,text
394,391,482,391,482,406,394,406,text
492,391,556,391,556,405,492,405,text
566,391,689,391,689,420,566,420,text
699,391,733,391,733,403,699,403,text
743,391,891,391,891,411,743,411,text
901,391,962,391,962,402,901,402,text
18,430,86,430,86,444,18,444,text
96,430,208,430,208,453,96,453,text
218,430,285,430,285,457,218,457,text
295,430,430,430,430,456,295,456,text
440,430,502,430,502,442,440,442,text
512,430,594,430,594,441,512,441,text
604,430,636,430,636,441,604,441,text
646,430,701,430,701,452,646,452,text
711,430,744,430,744,444,711,444,text
754,430,896,430,896,457,754,457,text
12,467,57,467,57,479,12,479,text
67,467,121,467,121,478,67,478,text
131,467,220,467,220,483,131,483,text
230,467,350,467,350,484,230,484,text
360,467,454,467,454,486,360,486,text
464,467,553,467,553,485,464,485,text
563,467,670,467,670,489,563,489,text
680,467,759,467,759,481,680,481,text
769,467,893,467,893,492,769,492,text
903,467,955,467,955,480,903,480,text
23,502,103,502,103,517,23,517,text
113,502,187,502,187,514,113,514,text
197,502,271,502,271,521,197,521,text
281,502,412,502,412,526,281,526,text
422,502,482,502,482,520,422,520,text
492,502,597,502,597,527,492,527,text
607,502,690,502,690,517,607,517,text
700,502,857,502,857,531,700,531,text
867,502,911,502,911,519,867,519,text
8,541,95,541,95,553,8,553,text
105,541,244,541,244,569,105,569,text
254,541,358,541,358,562,254,562,text
368,541,442,541,442,553,368,553,text
452,541,511,541,511,564,452,564,text
521,541,590,541,590,559,521,559,text
600,541,730,541,730,565,600,565,text
740,541,865,541,865,562,740,562,text
875,541,951,541,951,556,875,556,text
18,579,103,579,103,595,18,595,text
113,579,218,579,218,597,113,597,text
228,579,322,579,322,598,228,598,text
332,579,401,579,401,604,332,604,text
411,579,484,579,484,592,411,592,text
494,579,553,579,553,598,494,598,text
563,579,647,579,647,600,563,600,text
657,579,700,579,700,603,657,603,text
710,579,774,579,774,593,710,593,text
784,579,908,579,908,604,784,604,text
918,579,950,579,950,589,918,589,text
6,615,47,615,47,627,6,627,text
57,615,113,615,113,625,57,625,text
123,615,207,615,207,632,123,632,text
217,615,355,615,355,635,217,635,text
365,615,421,615,421,628,365,628,text
431,615,490,615,490,626,431,626,text
500,615,601,615,601,632,500,632,text
611,615,683,615,683,633,611,633,text
693,615,761,615,761,632,693,632,text
771,615,877,615,877,634,771,634,text
19,645,125,645,125,665,19,665,text
135,645,198,645,198,659,135,659,text
208,645,323,645,323,665,208,665,text
333,645,420,645,420,659,333,659,text
430,645,554,645,554,667,430,667,text
564,645,631,645,631,663,564,663,text
641,645,707,645,707,668,641,668,text
717,645,800,645,800,660,717,660,text
810,645,904,645,904,673,810,673,text
17,683,62,683,62,699,17,699,text
72,683,205,683,205,705,72,705,text
215,683,265,683,265,695,215,695,text
275,683,332,683,332,704,275,704,text
342,683,425,683,425,699,342,699,text
435,683,502,683,502,701,435,701,text
512,683,635,683,635,703,512,703,text
645,683,718,683,718,694,645,694,text
728,683,797,683,797,696,728,696,text
807,683,888,683,888,717,807,717,text
11,727,88,727,88,746,11,746,text
98,727,167,727,167,752,98,752,text
177,727,247,727,247,745,177,745,text
257,727,313,727,313,740,257,740,text
323,727,409,727,409,753,323,753,text
419,727,544,727,544,751,419,751,text
554,727,648,727,648,747,554,747,text
658,727,746,727,746,747,658,747,text
756,727,853,727,853,753,756,753,text
863,727,908,727,908,741,863,741,text
