13,13,96,13,96,28,13,28,text
106,13,147,13,147,26,106,26,text
157,13,269,13,269,33,157,33,text
279,13,340,13,340,27,279,27,text
350,13,406,13,406,28,350,28,text
416,13,445,13,445,26,416,26,text
455,13,562,13,562,39,455,39,text
572,13,689,13,689,36,572,36,text
699,13,790,13,790,29,699,29,text
800,13,864,13,864,35,800,35,text
874,13,940,13,940,36,874,36,text
19,49,112,49,112,62,19,62,text
122,49,254,49,254,75,122,75,text
264,49,353,49,353,76,264,76,text
363,49,448,49,448,70,363,70,text
458,49,498,49,498,60,458,60,text
508,49,565,49,565,64,508,64,text
575,49,655,49,655,63,575,63,text
665,49,754,49,754,77,665,77,text
764,49,843,49,843,64,764,64,text
853,49,949,49,949,72,853,72,text
9,87,113,87,113,110,9,110,text
123,87,173,87,173,99,123,99,text
183,87,235,87,235,105,183,105,text
245,87,282,87,282,102,245,102,text
292,87,358,87,358,99,292,99,text
368,87,479,87,479,104,368,104,text
489,87,555,87,555,100,489,100,text
565,87,688,87,688,111,565,111,text
698,87,809,87,809,109,698,109,text
819,87,905,87,905,103,819,103,text
9,129,70,129,70,143,9,143,text
80,129,138,129,138,143,80,143,text
148,129,210,129,210,147,148,147,text
220,129,299,129,299,155,220,155,text
309,129,342,129,342,151,309,151,text
352,129,409,129,409,142,352,142,text
419,129,504,129,504,145,419,145,text
514,129,594,129,594,144,514,144,text
604,129,664,129,664,140,604,140,text
674,129,759,129,759,149,674,149,text
769,129,857,129,857,153,769,153,text
16,168,112,168,112,187,16,187,text
122,168,228,168,228,188,122,188,text
238,168,322,168,322,189,238,189,text
332,168,390,168,390,181,332,181,text
400,168,503,168,503,187,400,187,text
513,168,552,168,552,181,513,181,text
562,168,616,168,616,184,562,184,text
626,168,681,168,681,184,626,184,text
691,168,732,168,732,179,691,179,text
742,168,856,168,856,193,742,193,text
866,168,940,168,940,183,866,183,text
15,203,83,203,83,222,15,222,text
93,203,140,203,140,221,93,221,text
150,203,209,203,209,222,150,222,text
219,203,299,203,299,230,219,230,text
309,203,373,203,373,214,309,214,text
383,203,541,203,541,235,383,235,text
551,203,669,203,669,228,551,228,text
679,203,754,203,754,222,679,222,text
764,203,814,203,814,216,764,216,text
824,203,891,203,891,225,824,225,text
13,245,80,245,80,262,13,262,text
90,245,167,245,167,263,90,263,text
177,245,233,245,233,266,177,266,text
243,245,301,245,301,256,243,256,text
311,245,423,245,423,269,311,269,text
433,245,494,245,494,262,433,262,text
504,245,590,245,590,260,504,260,text
600,245,691,245,691,268,600,268,text
701,245,797,245,797,262,701,262,text
807,245,896,245,896,258,807,258,text
23,279,99,279,99,293,23,293,text
109,279,188,279,188,295,109,295,text
198,279,289,279,289,295,198,295,text
299,279,384,279,384,295,299,295,text
394,279,478,279,478,299,394,299,text
488,279,555,279,555,293,488,293,text
565,279,642,279,642,298,565,298,text
652,279,737,279,737,298,652,298,text
747,279,818,279,818,295,747,295,text
828,279,902,279,902,294,828,294,text
912,279,978,279,978,295,912,295,text
11,309,113,309,113,334,11,334,text
123,309,202,309,202,330,123,330,text
212,309,374,309,374,338,212,338,text
384,309,505,309,505,332,384,332,text
515,309,649,309,649,336,515,336,text
659,309,731,309,731,325,659,325,text
741,309,826,309,826,333,741,333,text
836,309,930,309,930,327,836,327,text
9,348,80,348,80,370,9,370,text
90,348,201,348,201,369,90,369,text
211,348,313,348,313,369,211,369,text
323,348,407,348,407,372,323,372,text
417,348,482,348,482,369,417,369,text
492,348,565,348,565,365,492,365,text
575,348,690,348,690,368,575,368,text
700,348,812,348,812,371,700,371,text
822,348,942,348,942,373,822,373,text
10,383,72,383,72,405,10,405,text
82,383,153,383,153,406,82,406,text
163,383,239,383,239,398,163,398,text
249,383,393,383,393,404,249,404,text
403,383,462,383,462,396,403,396,text
472,383,592,383,592,404,472,404,text
602,383,655,383,655,403,602,403,text
665,383,750,383,750,402,665,402,text
760,383,863,383,863,406,760,406,text
873,383,926,383,926,398,873,398,text
22,417,58,417,58,431,22,431,text
68,417,190,417,190,434,68,434,text
200,417,342,417,342,444,200,444,text
352,417,462,417,462,440,352,440,text
472,417,538,417,538,431,472,431,text
548,417,643,417,643,435,548,435,text
653,417,755,417,755,437,653,437,text
765,417,868,417,868,434,765,434,text
9,454,101,454,101,480,9,480,text
111,454,213,454,213,472,111,472,text
223,454,299,454,299,467,223,467,text
309,454,379,454,379,481,309,481,text
389,454,513,454,513,477,389,477,text
523,454,593,454,593,471,523,471,text
603,454,707,454,707,475,603,475,text
717,454,763,454,763,466,717,466,text
773,454,889,454,889,475,773,475,text
899,454,946,454,946,475,899,475,text
10,491,71,491,71,504,10,504,text
81,491,132,491,132,507,81,507,text
142,491,205,491,205,509,142,509,text
215,491,343,491,343,510,215,510,text
353,491,469,491,469,513,353,513,text
479,491,545,491,545,506,479,506,text
555,491,639,491,639,512,555,512,text
649,491,768,491,768,515,649,515,text
778,491,855,491,855,507,778,507,text
865,491,971,491,971,517,865,517,text
19,527,114,527,114,545,19,545,text
124,527,200,527,200,543,124,543,text
210,527,342,527,342,553,210,553,text
352,527,427,527,427,547,352,547,text
437,527,537,527,537,548,437,548,text
547,527,618,527,618,548,547,548,text
628,527,782,527,782,551,628,551,text
792,527,886,527,886,545,792,545,text
896,527,978,527,978,555,896,555,text
17,565,88,565,88,589,17,589,text
98,565,136,565,136,581,98,581,text
146,565,207,565,207,590,146,590,text
217,565,361,565,361,591,217,591,text
371,565,404,565,404,577,371,577,text
414,565,495,565,495,583,414,583,text
505,565,613,565,613,585,505,585,text
623,565,707,565,707,582,623,582,text
717,565,800,565,800,584,717,584,text
810,565,904,565,904,584,810,584,text
11,601,153,601,153,628,11,628,text
163,601,248,601,248,618,163,618,text
258,601,340,601,340,618,258,618,text
350,601,468,601,468,624,350,624,text
478,601,619,601,619,627,478,627,text
629,601,692,601,692,617,629,617,text
702,601,815,601,815,627,702,627,text
825,601,953,601,953,623,825,623,text
17,638,95,638,95,660,17,660,text
105,638,166,638,166,655,105,655,text
176,638,232,638,232,652,176,652,text
242,638,292,638,292,652,242,652,text
302,638,398,638,398,657,302,657,text
408,638,496,638,496,655,408,655,text
506,638,636,638,636,661,506,661,text
646,638,702,638,702,649,646,649,text
712,638,777,638,777,649,712,649,text
787,638,853,638,853,654,787,654,text
863,638,967,638,967,661,863,661,text
