16,12,111,12,111,31,16,31,text
121,12,176,12,176,24,121,24,text
186,12,326,12,326,39,186,39,text
336,12,452,12,452,34,336,34,text
462,12,538,12,538,26,462,26,text
548,12,672,12,672,36,548,36,text
682,12,777,12,777,32,682,32,text
787,12,910,12,910,38,787,38,text
920,12,980,12,980,29,920,29,text
6,49,127,49,127,72,6,72,text
137,49,193,49,193,60,137,60,text
203,49,260,49,260,60,203,60,text
270,49,312,49,312,59,270,59,text
322,49,376,49,376,78,322,78,text
386,49,501,49,501,67,386,67,text
511,49,629,49,629,72,511,72,text
639,49,752,49,752,70,639,70,text
762,49,818,49,818,59,762,59,text
828,49,925,49,925,68,828,68,text
10,88,142,88,142,113,10,113,text
152,88,226,88,226,103,152,103,text
236,88,331,88,331,113,236,113,text
341,88,414,88,414,102,341,102,text
424,88,595,88,595,116,424,116,text
605,88,669,88,669,100,605,100,text
679,88,759,88,759,103,679,103,text
769,88,807,88,807,111,769,111,text
817,88,916,88,916,108,817,108,text
8,126,90,126,90,139,8,139,text
100,126,154,126,154,148,100,148,text
164,126,363,126,363,149,164,149,text
373,126,509,126,509,142,373,142,text
519,126,604,126,604,135,519,135,text
614,126,689,126,689,145,614,145,text
699,126,783,126,783,155,699,155,text
793,126,841,126,841,139,793,139,text
851,126,924,126,924,144,851,144,text
15,165,146,165,146,190,15,190,text
156,165,314,165,314,193,156,193,text
324,165,417,165,417,184,324,184,text
427,165,505,165,505,179,427,179,text
515,165,589,165,589,195,515,195,text
599,165,726,165,726,190,599,190,text
736,165,860,165,860,189,736,189,text
870,165,975,165,975,199,870,199,text
13,209,132,209,132,238,13,238,text
142,209,236,209,236,227,142,227,text
246,209,340,209,340,234,246,234,text
350,209,411,209,411,222,350,222,text
421,209,468,209,468,221,421,221,text
478,209,565,209,565,236,478,236,text
575,209,676,209,676,232,575,232,text
686,209,784,209,784,235,686,235,text
794,209,899,209,899,229,794,229,text
909,209,968,209,968,224,909,224,text
22,248,113,248,113,262,22,262,text
123,248,184,248,184,269,123,269,text
194,248,306,248,306,272,194,272,text
316,248,451,248,451,270,316,270,text
461,248,590,248,590,277,461,277,text
600,248,674,248,674,261,600,261,text
684,248,816,248,816,276,684,276,text
826,248,962,248,962,276,826,276,text
12,287,88,287,88,304,12,304,text
98,287,214,287,214,312,98,312,text
224,287,323,287,323,299,224,299,text
333,287,396,287,396,305,333,305,text
406,287,529,287,529,309,406,309,text
539,287,625,287,625,304,539,304,text
635,287,747,287,747,310,635,310,text
757,287,898,287,898,313,757,313,text
15,323,111,323,111,349,15,349,text
121,323,179,323,179,334,121,334,text
189,323,303,323,303,345,189,345,text
313,323,365,323,365,341,313,341,text
375,323,503,323,503,344,375,344,text
513,323,659,323,659,348,513,348,text
669,323,735,323,735,333,669,333,text
745,323,809,323,809,345,745,345,text
819,323,858,323,858,335,819,335,text
21,359,89,359,89,372,21,372,text
99,359,234,359,234,383,99,383,text
244,359,341,359,341,387,244,387,text
351,359,401,359,401,378,351,378,text
411,359,521,359,521,379,411,379,text
531,359,656,359,656,383,531,383,text
666,359,741,359,741,374,666,374,text
751,359,875,359,875,380,751,380,text
12,397,71,397,71,408,12,408,text
81,397,145,397,145,422,81,422,text
155,397,184,397,184,415,155,415,text
194,397,308,397,308,417,194,417,text
318,397,377,397,377,411,318,411,text
387,397,511,397,511,423,387,423,text
521,397,559,397,559,410,521,410,text
569,397,634,397,634,414,569,414,text
644,397,802,397,802,419,644,419,text
812,397,872,397,872,411,812,411,text
882,397,921,397,921,408,882,408,text
8,433,79,433,79,447,8,447,text
89,433,194,433,194,454,89,454,text
204,433,232,433,232,447,204,447,text
242,433,333,433,333,452,242,452,text
343,433,390,433,390,448,343,448,text
400,433,494,433,494,454,400,454,text
504,433,581,433,581,453,504,453,text
591,433,715,433,715,456,591,456,text
725,433,765,433,765,446,725,446,text
775,433,873,433,873,459,775,459,text
19,469,85,469,85,482,19,482,text
95,469,277,469,277,499,95,499,text
287,469,382,469,382,487,287,487,text
392,469,466,469,466,481,392,481,text
476,469,601,469,601,491,476,491,text
611,469,697,469,697,485,611,485,text
707,469,745,469,745,498,707,498,text
755,469,887,469,887,494,755,494,text
10,509,46,509,46,535,10,535,text
56,509,132,509,132,524,56,524,text
142,509,238,509,238,528,142,528,text
248,509,337,509,337,529,248,529,text
347,509,392,509,392,528,347,528,text
402,509,496,509,496,524,402,524,text
506,509,630,509,630,531,506,531,text
640,509,696,509,696,520,640,520,text
706,509,853,509,853,536,706,536,text
15,546,87,546,87,560,15,560,text
97,546,140,546,140,562,97,562,text
150,546,219,546,219,557,150,557,text
229,546,319,546,319,561,229,561,text
329,546,462,546,462,574,329,574,text
472,546,546,546,546,561,472,561,text
556,546,659,546,659,568,556,568,text
669,546,759,546,759,564,669,564,text
769,546,820,546,820,563,769,563,text
830,546,899,546,899,561,830,561,text
20,584,88,584,88,597,20,597,text
98,584,184,584,184,603,98,603,text
194,584,244,584,244,601,194,601,text
254,584,350,584,350,603,254,603,text
360,584,456,584,456,601,360,601,text
466,584,590,584,590,609,466,609,text
600,584,738,584,738,611,600,611,text
748,584,840,584,840,599,748,599,text
850,584,952,584,952,605,850,605,text
12,621,68,621,68,633,12,633,text
78,621,134,621,134,633,78,633,text
144,621,248,621,248,640,144,640,text
258,621,353,621,353,640,258,640,text
363,621,440,621,440,641,363,641,text
450,621,575,621,575,647,450,647,text
585,621,679,621,679,644,585,644,text
689,621,797,621,797,639,689,639,text
807,621,885,621,885,642,807,642,text
895,621,953,621,953,645,895,645,text
9,657,103,657,103,677,9,677,text
113,657,178,657,178,679,113,679,text
188,657,242,657,242,678,188,678,text
252,657,308,657,308,671,252,671,text
318,657,430,657,430,678,318,678,text
440,657,573,657,573,686,440,686,text
583,657,658,657,658,672,583,672,text
668,657,750,657,750,675,668,675,text
760,657,827,657,827,670,760,670,text
837,657,877,657,877,668,837,668,text
887,657,921,657,921,670,887,670,text
22,696,113,696,113,714,22,714,text
123,696,223,696,223,717,123,717,text
233,696,331,696,331,719,233,719,text
341,696,372,696,372,711,341,711,text
382,696,526,696,526,719,382,719,text
536,696,589,696,589,715,536,715,text
599,696,655,696,655,707,599,707,text
665,696,771,696,771,713,665,713,text
781,696,834,696,834,705,781,705,text
844,696,914,696,914,713,844,713,text
