12,15,124,15,124,41,12,41,text
134,15,213,15,213,29,134,29,text
223,15,281,15,281,31,223,31,text
291,15,353,15,353,31,291,31,text
363,15,500,15,500,40,363,40,text
510,15,655,15,655,47,510,47,text
665,15,775,15,775,38,665,38,text
785,15,868,15,868,34,785,34,text
20,57,116,57,116,73,20,73,text
126,57,210,57,210,74,126,74,text
220,57,286,57,286,73,220,73,text
296,57,388,57,388,88,296,88,text
398,57,516,57,516,79,398,79,text
526,57,632,57,632,78,526,78,text
642,57,697,57,697,67,642,67,text
707,57,913,57,913,83,707,83,text
15,98,141,98,141,120,15,120,text
151,98,220,98,220,114,151,114,text
230,98,324,98,324,116,230,116,text
334,98,442,98,442,120,334,120,text
452,98,511,98,511,109,452,109,text
521,98,645,98,645,123,521,123,text
655,98,705,98,705,114,655,114,text
715,98,781,98,781,112,715,112,text
791,98,887,98,887,117,791,117,text
897,98,967,98,967,114,897,114,text
13,133,77,133,77,146,13,146,text
87,133,168,133,168,156,87,156,text
178,133,302,133,302,157,178,157,text
312,133,454,133,454,157,312,157,text
464,133,570,133,570,157,464,157,text
580,133,683,133,683,156,580,156,text
693,133,743,133,743,148,693,148,text
753,133,864,133,864,157,753,157,text
874,133,971,133,971,152,874,152,text
6,170,126,170,126,195,6,195,text
136,170,212,170,212,187,136,187,text
222,170,344,170,344,193,222,193,text
354,170,448,170,448,190,354,190,text
458,170,544,170,544,186,458,186,text
554,170,675,170,675,192,554,192,text
685,170,834,170,834,196,685,196,text
844,170,950,170,950,190,844,190,text
8,206,72,206,72,232,8,232,text
82,206,149,206,149,231,82,231,text
159,206,232,206,232,228,159,228,text
242,206,299,206,299,220,242,220,text
309,206,451,206,451,232,309,232,text
461,206,573,206,573,230,461,230,text
583,206,688,206,688,225,583,225,text
698,206,804,206,804,226,698,226,text
814,206,891,206,891,221,814,221,text
901,206,941,206,941,223,901,223,text
19,242,129,242,129,263,19,263,text
139,242,195,242,195,261,139,261,text
205,242,223,242,223,254,205,254,text
233,242,286,242,286,252,233,252,text
296,242,420,242,420,272,296,272,text
430,242,546,242,546,264,430,264,text
556,242,656,242,656,264,556,264,text
666,242,776,242,776,265,666,265,text
786,242,824,242,824,258,786,258,text
834,242,910,242,910,256,834,256,text
10,282,174,282,174,305,10,305,text
184,282,213,282,213,291,184,291,text
223,282,294,282,294,299,223,299,text
304,282,375,282,375,295,304,295,text
385,282,432,282,432,292,385,292,text
442,282,500,282,500,295,442,295,text
510,282,568,282,568,296,510,296,text
578,282,704,282,704,306,578,306,text
714,282,790,282,790,296,714,296,text
800,282,899,282,899,301,800,301,text
22,319,88,319,88,335,22,335,text
98,319,178,319,178,336,98,336,text
188,319,310,319,310,341,188,341,text
320,319,404,319,404,336,320,336,text
414,319,498,319,498,335,414,335,text
508,319,549,319,549,331,508,331,text
559,319,687,319,687,346,559,346,text
697,319,811,319,811,341,697,341,text
821,319,855,319,855,334,821,334,text
22,356,114,356,114,375,22,375,text
124,356,244,356,244,377,124,377,text
254,356,327,356,327,370,254,370,text
337,356,492,356,492,384,337,384,text
502,356,638,356,638,381,502,381,text
648,356,732,356,732,379,648,379,text
742,356,851,356,851,381,742,381,text
861,356,915,356,915,373,861,373,text
14,394,155,394,155,423,14,423,text
165,394,222,394,222,408,165,408,text
232,394,288,394,288,407,232,407,text
298,394,426,394,426,419,298,419,text
436,394,516,394,516,408,436,408,text
526,394,582,394,582,408,526,408,text
592,394,715,394,715,423,592,423,text
725,394,844,394,844,418,725,418,text
854,394,897,394,897,407,854,407,text
907,394,956,394,956,406,907,406,text
19,433,55,433,55,447,19,447,text
65,433,114,433,114,449,65,449,text
124,433,284,433,284,465,124,465,text
294,433,324,433,324,445,294,445,text
334,433,466,433,466,460,334,460,text
476,433,560,433,560,451,476,451,text
570,433,642,433,642,450,570,450,text
652,433,709,433,709,455,652,455,text
719,433,796,433,796,454,719,454,text
806,433,883,433,883,457,806,457,text
893,433,976,433,976,451,893,451,text
5,475,57,475,57,489,5,489,text
67,475,174,475,174,493,67,493,text
184,475,306,475,306,499,184,499,text
316,475,409,475,409,498,316,498,text
419,475,556,475,556,503,419,503,text
566,475,714,475,714,503,566,503,text
724,475,789,475,789,490,724,490,text
799,475,871,475,871,499,799,499,text
881,475,951,475,951,500,881,500,text
12,513,130,513,130,538,12,538,text
140,513,269,513,269,536,140,536,text
279,513,311,513,311,524,279,524,text
321,513,376,513,376,524,321,524,text
386,513,486,513,486,534,386,534,text
496,513,552,513,552,524,496,524,text
562,513,612,513,612,527,562,527,text
622,513,679,513,679,526,622,526,text
689,513,720,513,720,532,689,532,text
730,513,770,513,770,528,730,528,text
780,513,827,513,827,525,780,525,text
837,513,902,513,902,533,837,533,text
20,548,85,548,85,560,20,560,text
95,548,142,548,142,565,95,565,text
152,548,193,548,193,561,152,561,text
203,548,285,548,285,575,203,575,text
295,548,378,548,378,565,295,565,text
388,548,508,548,508,570,388,570,text
518,548,592,548,592,567,518,567,text
602,548,698,548,698,568,602,568,text
708,548,792,548,792,566,708,566,text
802,548,842,548,842,577,802,577,text
852,548,925,548,925,565,852,565,text
8,587,134,587,134,607,8,607,text
144,587,195,587,195,600,144,600,text
205,587,239,587,239,603,205,603,text
249,587,310,587,310,602,249,602,text
320,587,390,587,390,600,320,600,text
400,587,493,587,493,606,400,606,text
503,587,586,587,586,619,503,619,text
596,587,695,587,695,605,596,605,text
705,587,786,587,786,603,705,603,text
796,587,880,587,880,604,796,604,text
12,629,131,629,131,649,12,649,text
141,629,245,629,245,646,141,646,text
255,629,325,629,325,657,255,657,text
335,629,431,629,431,652,335,652,text
441,629,568,629,568,653,441,653,text
578,629,711,629,711,658,578,658,text
721,629,858,629,858,656,721,656,text
868,629,927,629,927,641,868,641,text
22,668,100,668,100,683,22,683,text
110,668,184,668,184,687,110,687,text
194,668,239,668,239,685,194,685,text
249,668,320,668,320,697,249,697,text
330,668,393,668,393,683,330,683,text
403,668,462,668,462,688,403,688,text
472,668,592,668,592,690,472,690,text
602,668,667,668,667,683,602,683,text
677,668,760,668,760,684,677,684,text
770,668,811,668,811,680,770,680,text
821,668,925,668,925,690,821,690,text
