23,22,96,22,96,38,23,38,text
106,22,173,22,173,33,106,33,text
183,22,235,22,235,43,183,43,text
245,22,357,22,357,45,245,45,text
367,22,593,22,593,52,367,52,text
603,22,649,22,649,34,603,34,text
659,22,703,22,703,37,659,37,text
713,22,747,22,747,39,713,39,text
757,22,812,22,812,33,757,33,text
822,22,936,22,936,42,822,42,text
946,22,1021,22,1021,35,946,35,text
1031,22,1090,22,1090,37,1031,37,text
1100,22,1225,22,1225,46,1100,46,text
1235,22,1260,22,1260,36,1235,36,text
21,62,82,62,82,75,21,75,text
92,62,230,62,230,87,92,87,text
240,62,361,62,361,85,240,85,text
371,62,426,62,426,80,371,80,text
436,62,488,62,488,71,436,71,text
498,62,617,62,617,88,498,88,text
627,62,690,62,690,74,627,74,text
700,62,767,62,767,80,700,80,text
777,62,1011,62,1011,86,777,86,text
1021,62,1095,62,1095,85,1021,85,text
1105,62,1210,62,1210,86,1105,86,text
7,98,56,98,56,116,7,116,text
66,98,190,98,190,120,66,120,text
200,98,256,98,256,112,200,112,text
266,98,360,98,360,112,266,112,text
370,98,479,98,479,126,370,126,text
489,98,575,98,575,115,489,115,text
585,98,724,98,724,125,585,125,text
734,98,820,98,820,114,734,114,text
830,98,935,98,935,120,830,120,text
945,98,1031,98,1031,114,945,114,text
1041,98,1163,98,1163,121,1041,121,text
1173,98,1244,98,1244,108,1173,108,text
15,136,82,136,82,158,15,158,text
92,136,150,136,150,156,92,156,text
160,136,242,136,242,152,160,152,text
252,136,345,136,345,156,252,156,text
355,136,404,136,404,155,355,155,text
414,136,490,136,490,152,414,152,text
500,136,620,136,620,162,500,162,text
630,136,720,136,720,158,630,158,text
730,136,838,136,838,155,730,155,text
848,136,914,136,914,148,848,148,text
924,136,1033,136,1033,162,924,162,text
1043,136,1167,136,1167,158,1043,158,text
9,175,68,175,68,186,9,186,text
78,175,192,175,192,200,78,200,text
202,175,244,175,244,186,202,186,text
254,175,314,175,314,196,254,196,text
324,175,438,175,438,196,324,196,text
448,175,534,175,534,193,448,193,text
544,175,628,175,628,192,544,192,text
638,175,713,175,713,194,638,194,text
723,175,817,175,817,192,723,192,text
827,175,933,175,933,196,827,196,text
943,175,1006,175,1006,198,943,198,text
1016,175,1126,175,1126,197,1016,197,text
1136,175,1240,175,1240,198,1136,198,text
17,210,71,210,71,222,17,222,text
81,210,185,210,185,230,81,230,text
195,210,279,210,279,230,195,230,text
289,210,358,210,358,225,289,225,text
368,210,444,210,444,224,368,224,text
454,210,501,210,501,225,454,225,text
511,210,562,210,562,226,511,226,text
572,210,697,210,697,227,572,227,text
707,210,849,210,849,236,707,236,text
859,210,979,210,979,235,859,235,text
989,210,1082,210,1082,237,989,237,text
1092,210,1211,210,1211,232,1092,232,text
17,247,61,247,61,267,17,267,text
71,247,125,247,125,259,71,259,text
135,247,217,247,217,263,135,263,text
227,247,293,247,293,257,227,257,text
303,247,357,247,357,266,303,266,text
367,247,499,247,499,273,367,273,text
509,247,605,247,605,271,509,271,text
615,247,683,247,683,266,615,266,text
693,247,759,247,759,259,693,259,text
769,247,872,247,872,267,769,267,text
882,247,906,247,906,262,882,262,text
916,247,1038,247,1038,271,916,271,text
1048,247,1121,247,1121,272,1048,272,text
1131,247,1148,247,1148,257,1131,257,text
11,283,73,283,73,297,11,297,text
83,283,156,283,156,302,83,302,text
166,283,293,283,293,310,166,310,text
303,283,387,283,387,308,303,308,text
397,283,515,283,515,308,397,308,text
525,283,647,283,647,307,525,307,text
657,283,704,283,704,296,657,296,text
714,283,834,283,834,308,714,308,text
844,283,944,283,944,309,844,309,text
954,283,1035,283,1035,296,954,296,text
1045,283,1144,283,1144,300,1045,300,text
1154,283,1230,283,1230,298,1154,298,text
16,320,79,320,79,335,16,335,text
89,320,129,320,129,334,89,334,text
139,320,221,320,221,343,139,343,text
231,320,386,320,386,348,231,348,text
396,320,459,320,459,331,396,331,text
469,320,545,320,545,338,469,338,text
555,320,583,320,583,331,555,331,text
593,320,645,320,645,335,593,335,text
655,320,785,320,785,347,655,347,text
795,320,816,320,816,331,795,331,text
826,320,930,320,930,350,826,350,text
940,320,1006,320,1006,333,940,333,text
1016,320,1078,320,1078,341,1016,341,text
1088,320,1204,320,1204,347,1088,347,text
11,360,78,360,78,371,11,371,text
88,360,210,360,210,384,88,384,text
220,360,348,360,348,382,220,382,text
358,360,400,360,400,374,358,374,text
410,360,473,360,473,374,410,374,text
483,360,620,360,620,384,483,384,text
630,360,734,360,734,381,630,381,text
744,360,836,360,836,381,744,381,text
846,360,941,360,941,382,846,382,text
951,360,1003,360,1003,371,951,371,text
1013,360,1040,360,1040,370,1013,370,text
1050,360,1180,360,1180,391,1050,391,text
1190,360,1256,360,1256,374,1190,374,text
17,401,101,401,101,421,17,421,text
111,401,168,401,168,414,111,414,text
178,401,251,401,251,415,178,415,text
261,401,366,401,366,422,261,422,text
376,401,436,401,436,411,376,411,text
446,401,542,401,542,412,446,412,text
552,401,618,401,618,419,552,419,text
628,401,696,401,696,415,628,415,text
706,401,791,401,791,420,706,420,text
801,401,919,401,919,413,801,413,text
929,401,1048,401,1048,421,929,421,text
1058,401,1180,401,1180,427,1058,427,text
1190,401,1259,401,1259,415,1190,415,text
6,437,82,437,82,451,6,451,text
92,437,125,437,125,449,92,449,text
135,437,247,437,247,457,135,457,text
257,437,345,437,345,465,257,465,text
355,437,430,437,430,463,355,463,text
440,437,472,437,472,448,440,448,text
482,437,511,437,511,450,482,450,text
521,437,578,437,578,447,521,447,text
588,437,654,437,654,449,588,449,text
664,437,766,437,766,458,664,458,text
776,437,876,437,876,456,776,456,text
886,437,930,437,930,460,886,460,text
940,437,1066,437,1066,463,940,463,text
1076,437,1116,437,1116,450,1076,450,text
7,475,92,475,92,492,7,492,text
102,475,232,475,232,502,102,502,text
242,475,372,475,372,502,242,502,text
382,475,436,475,436,490,382,490,text
446,475,523,475,523,489,446,489,text
533,475,627,475,627,494,533,494,text
637,475,762,475,762,504,637,504,text
772,475,906,475,906,500,772,500,text
916,475,996,475,996,494,916,494,text
1006,475,1104,475,1104,492,1006,492,text
1114,475,1224,475,1224,496,1114,496,text
17,514,110,514,110,533,17,533,text
120,514,253,514,253,537,120,537,text
263,514,303,514,303,531,263,531,text
313,514,376,514,376,540,313,540,text
386,514,480,514,480,537,386,537,text
490,514,645,514,645,535,490,535,text
655,514,711,514,711,529,655,529,text
721,514,801,514,801,528,721,528,text
811,514,865,514,865,524,811,524,text
875,514,902,514,902,523,875,523,text
912,514,1015,514,1015,534,912,534,text
1025,514,1087,514,1087,535,1025,535,text
1097,514,1211,514,1211,537,1097,537,text
23,550,134,550,134,571,23,571,text
144,550,213,550,213,566,144,566,text
223,550,321,550,321,570,223,570,text
331,550,375,550,375,564,331,564,text
385,550,460,550,460,567,385,567,text
470,550,538,550,538,567,470,567,text
548,550,612,550,612,575,548,575,text
622,550,743,550,743,574,622,574,text
753,550,891,550,891,575,753,575,text
901,550,980,550,980,567,901,567,text
990,550,1020,550,1020,568,990,568,text
1030,550,1166,550,1166,579,1030,579,text
12,589,54,589,54,605,12,605,text
64,589,155,589,155,616,64,616,text
165,589,226,589,226,600,165,600,text
236,589,322,589,322,610,236,610,text
332,589,400,589,400,600,332,600,text
410,589,537,589,537,610,410,610,text
547,589,672,589,672,611,547,611,text
682,589,746,589,746,607,682,607,text
756,589,843,589,843,611,756,611,text
853,589,921,589,921,600,853,600,text
931,589,1025,589,1025,607,931,607,text
1035,589,1070,589,1070,604,1035,604,text
1080,589,1128,589,1128,599,1080,599,text
9,627,68,627,68,644,9,644,text
78,627,160,627,160,643,78,643,text
170,627,206,627,206,640,170,640,text
216,627,339,627,339,641,216,641,text
349,627,365,627,365,637,349,637,text
375,627,421,627,421,639,375,639,text
431,627,552,627,552,663,431,663,text
562,627,720,627,720,647,562,647,text
730,627,798,627,798,639,730,639,text
808,627,877,627,877,649,808,649,text
887,627,947,627,947,638,887,638,text
957,627,1023,627,1023,643,957,643,text
1033,627,1145,627,1145,650,1033,650,text
1155,627,1245,627,1245,645,1155,645,text
15,673,139,673,139,696,15,696,text
149,673,353,673,353,696,149,696,text
363,673,449,673,449,699,363,699,text
459,673,545,673,545,689,459,689,text
555,673,689,673,689,698,555,698,text
699,673,776,673,776,691,699,691,text
786,673,887,673,887,692,786,692,text
897,673,1029,673,1029,700,897,700,text
1039,673,1148,673,1148,696,1039,696,text
1158,673,1217,673,1217,686,1158,686,text
