15,6,85,6,85,24,15,24,text
95,6,188,6,188,25,95,25,text
198,6,256,6,256,18,198,18,text
266,6,393,6,393,30,266,30,text
403,6,484,6,484,24,403,24,text
494,6,569,6,569,25,494,25,text
579,6,625,6,625,32,579,32,text
635,6,727,6,727,28,635,28,text
737,6,811,6,811,50,737,50,text
821,6,887,6,887,23,821,23,text
897,6,992,6,992,31,897,31,text
1002,6,1121,6,1121,22,1002,22,text
1131,6,1181,6,1181,17,1131,17,text
16,60,91,60,91,77,16,77,text
101,60,206,60,206,77,101,77,text
216,60,330,60,330,80,216,80,text
340,60,395,60,395,73,340,73,text
405,60,501,60,501,83,405,83,text
511,60,552,60,552,82,511,82,text
562,60,670,60,670,80,562,80,text
680,60,739,60,739,74,680,74,text
749,60,828,60,828,82,749,82,text
838,60,897,60,897,72,838,72,text
907,60,936,60,936,76,907,76,text
946,60,1004,60,1004,79,946,79,text
1014,60,1123,60,1123,82,1014,82,text
1133,60,1191,60,1191,81,1133,81,text
5,93,131,93,131,114,5,114,text
141,93,283,93,283,119,141,119,text
293,93,407,93,407,116,293,116,text
417,93,542,93,542,118,417,118,text
552,93,612,93,612,119,552,119,text
622,93,674,93,674,121,622,121,text
684,93,717,93,717,108,684,108,text
727,93,804,93,804,112,727,112,text
814,93,862,93,862,111,814,111,text
872,93,962,93,962,119,872,119,text
972,93,1029,93,1029,126,972,126,text
1039,93,1166,93,1166,124,1039,124,text
1176,93,1214,93,1214,107,1176,107,text
23,136,98,136,98,149,23,149,text
108,136,164,136,164,150,108,150,text
174,136,220,136,220,148,174,148,text
230,136,318,136,318,151,230,151,text
328,136,391,136,391,151,328,151,text
401,136,497,136,497,155,401,155,text
507,136,558,136,558,148,507,148,text
568,136,638,136,638,158,568,158,text
648,136,711,136,711,152,648,152,text
721,136,764,136,764,154,721,154,text
774,136,822,136,822,149,774,149,text
832,136,938,136,938,156,832,156,text
948,136,1080,136,1080,163,948,163,text
1090,136,1196,136,1196,155,1090,155,text
14,173,127,173,127,195,14,195,text
137,173,260,173,260,197,137,197,text
270,173,377,173,377,194,270,194,text
387,173,423,173,423,183,387,183,text
433,173,573,173,573,197,433,197,text
583,173,693,173,693,195,583,195,text
703,173,758,173,758,184,703,184,text
768,173,864,173,864,192,768,192,text
874,173,977,173,977,198,874,198,text
987,173,1042,173,1042,183,987,183,text
1052,173,1128,173,1128,188,1052,188,text
1138,173,1178,173,1178,197,1138,197,text
8,208,135,208,135,227,8,227,text
145,208,259,208,259,232,145,232,text
269,208,351,208,351,228,269,228,text
361,208,472,208,472,229,361,229,text
482,208,565,208,565,224,482,224,text
575,208,633,208,633,218,575,218,text
643,208,733,208,733,224,643,224,text
743,208,841,208,841,227,743,227,text
851,208,921,208,921,223,851,223,text
931,208,1047,208,1047,231,931,231,text
1057,208,1123,208,1123,223,1057,223,text
1133,208,1219,208,1219,231,1133,231,text
11,242,47,242,47,252,11,252,text
57,242,151,242,151,260,57,260,text
161,242,220,242,220,256,161,256,text
230,242,276,242,276,260,230,260,text
286,242,366,242,366,273,286,273,text
376,242,505,242,505,267,376,267,text
515,242,537,242,537,254,515,254,text
547,242,659,242,659,267,547,267,text
669,242,726,242,726,259,669,259,text
736,242,882,242,882,267,736,267,text
892,242,1019,242,1019,266,892,266,text
1029,242,1142,242,1142,265,1029,265,text
1152,242,1205,242,1205,266,1152,266,text
23,283,102,283,102,306,23,306,text
112,283,181,283,181,307,112,307,text
191,283,321,283,321,307,191,307,text
331,283,391,283,391,301,331,301,text
401,283,454,283,454,307,401,307,text
464,283,512,283,512,294,464,294,text
522,283,591,283,591,299,522,299,text
601,283,686,283,686,309,601,309,text
696,283,758,283,758,303,696,303,text
768,283,845,283,845,296,768,296,text
855,283,914,283,914,295,855,295,text
924,283,975,283,975,305,924,305,text
985,283,1045,283,1045,310,985,310,text
1055,283,1173,283,1173,307,1055,307,text
1183,283,1250,283,1250,299,1183,299,text
22,320,126,320,126,340,22,340,text
136,320,259,320,259,346,136,346,text
269,320,308,320,308,336,269,336,text
318,320,467,320,467,345,318,345,text
477,320,578,320,578,339,477,339,text
588,320,647,320,647,336,588,336,text
657,320,693,320,693,336,657,336,text
703,320,767,320,767,333,703,333,text
777,320,870,320,870,336,777,336,text
880,320,1013,320,1013,341,880,341,text
1023,320,1147,320,1147,343,1023,343,text
20,356,157,356,157,386,20,386,text
167,356,284,356,284,375,167,375,text
294,356,396,356,396,374,294,374,text
406,356,465,356,465,368,406,368,text
475,356,510,356,510,366,475,366,text
520,356,591,356,591,370,520,370,text
601,356,687,356,687,373,601,373,text
697,356,769,356,769,375,697,375,text
779,356,872,356,872,379,779,379,text
882,356,951,356,951,370,882,370,text
961,356,1041,356,1041,379,961,379,text
1051,356,1161,356,1161,376,1051,376,text
19,396,72,396,72,409,19,409,text
82,396,207,396,207,420,82,420,text
217,396,264,396,264,412,217,412,text
274,396,418,396,418,418,274,418,text
428,396,504,396,504,411,428,411,text
514,396,600,396,600,414,514,414,text
610,396,712,396,712,415,610,415,text
722,396,846,396,846,423,722,423,text
856,396,908,396,908,409,856,409,text
918,396,967,396,967,408,918,408,text
977,396,1068,396,1068,411,977,411,text
1078,396,1137,396,1137,418,1078,418,text
1147,396,1258,396,1258,420,1147,420,text
5,433,140,433,140,455,5,455,text
150,433,250,433,250,466,150,466,text
260,433,352,433,352,452,260,452,text
362,433,498,433,498,462,362,462,text
508,433,618,433,618,451,508,451,text
628,433,778,433,778,457,628,457,text
788,433,843,433,843,446,788,446,text
853,433,948,433,948,452,853,452,text
958,433,1077,433,1077,457,958,457,text
1087,433,1200,433,1200,456,1087,456,text
17,476,85,476,85,493,17,493,text
95,476,166,476,166,503,95,503,text
176,476,223,476,223,489,176,489,text
233,476,333,476,333,493,233,493,text
343,476,382,476,382,493,343,493,text
392,476,431,476,431,488,392,488,text
441,476,537,476,537,495,441,495,text
547,476,681,476,681,504,547,504,text
691,476,726,476,726,497,691,497,text
736,476,805,476,805,498,736,498,text
815,476,897,476,897,499,815,499,text
907,476,980,476,980,492,907,492,text
990,476,1120,476,1120,498,990,498,text
1130,476,1168,476,1168,486,1130,486,text
23,514,127,514,127,535,23,535,text
137,514,251,514,251,535,137,535,text
261,514,317,514,317,527,261,527,text
327,514,452,514,452,537,327,537,text
462,514,545,514,545,529,462,529,text
555,514,620,514,620,533,555,533,text
630,514,706,514,706,535,630,535,text
716,514,782,514,782,530,716,530,text
792,514,903,514,903,535,792,535,text
913,514,1011,514,1011,529,913,529,text
1021,514,1135,514,1135,535,1021,535,text
1145,514,1241,514,1241,532,1145,532,text
9,547,132,547,132,571,9,571,text
142,547,267,547,267,574,142,574,text
277,547,375,547,375,565,277,565,text
385,547,465,547,465,561,385,561,text
475,547,521,547,521,559,475,559,text
531,547,635,547,635,567,531,567,text
645,547,669,547,669,562,645,562,text
679,547,771,547,771,564,679,564,text
781,547,843,547,843,559,781,559,text
853,547,948,547,948,570,853,570,text
958,547,1099,547,1099,574,958,574,text
1109,547,1252,547,1252,570,1109,570,text
6,584,139,584,139,617,6,617,text
149,584,283,584,283,613,149,613,text
293,584,399,584,399,604,293,604,text
409,584,466,584,466,597,409,597,text
476,584,548,584,548,599,476,599,text
558,584,700,584,700,613,558,613,text
710,584,786,584,786,599,710,599,text
796,584,896,584,896,605,796,605,text
906,584,961,584,961,597,906,597,text
971,584,1014,584,1014,596,971,596,text
1024,584,1112,584,1112,600,1024,600,text
1122,584,1218,584,1218,603,1122,603,text
1228,584,1258,584,1258,597,1228,597,text
24,627,87,627,87,639,24,639,text
97,627,237,627,237,652,97,652,text
247,627,355,627,355,648,247,648,text
365,627,435,627,435,640,365,640,text
445,627,528,627,528,640,445,640,text
538,627,621,627,621,658,538,658,text
631,627,735,627,735,648,631,648,text
745,627,849,627,849,649,745,649,text
859,627,968,627,968,647,859,647,text
978,627,1082,627,1082,649,978,649,text
1092,627,1155,627,1155,641,1092,641,text
1165,627,1221,627,1221,641,1165,641,text
6,668,118,668,118,693,6,693,text
128,668,162,668,162,680,128,680,text
172,668,295,668,295,691,172,691,text
305,668,438,668,438,694,305,694,text
448,668,566,668,566,697,448,697,text
576,668,666,668,666,687,576,687,text
676,668,726,668,726,682,676,682,text
736,668,828,668,828,687,736,687,text
838,668,941,668,941,694,838,694,text
951,668,1030,668,1030,685,951,685,text
1040,668,1117,668,1117,685,1040,685,text
1127,668,1185,668,1185,687,1127,687,text
